new rule:
0000
0000
0000
0000
0000
0000
new rule:
1000
0100
0001
0010
0100
0010
new rule:
1100
0101
0011
1010
1100
0011
new rule:
0110
1001
0110
1001
1001
1001
new rule:
1110
1101
0111
1011
1101
1011
new rule:
1111
1111
1111
1111
1111
1111
new rule:
000000000
000000000
000000000
000000000
000000000
000000000
new rule:
100000000
001000000
000000001
000000100
001000000
000000100
new rule:
010000000
000001000
000000010
000100000
010000000
000000010
new rule:
110000000
001001000
000000011
000100100
011000000
000000110
new rule:
101000000
001000001
000000101
100000100
101000000
000000101
new rule:
111000000
001001001
000000111
100100100
111000000
000000111
new rule:
010100000
010001000
000001010
000100010
010001000
000100010
new rule:
110100000
011001000
000001011
000100110
011001000
000100110
new rule:
001100000
010000001
000001100
100000010
100001000
000100001
new rule:
101100000
011000001
000001101
100000110
101001000
000100101
new rule:
011100000
010001001
000001110
100100010
110001000
000100011
new rule:
111100000
011001001
000001111
100100110
111001000
000100111
new rule:
000010000
000010000
000010000
000010000
000010000
000010000
new rule:
100010000
001010000
000010001
000010100
001010000
000010100
new rule:
010010000
000011000
000010010
000110000
010010000
000010010
new rule:
110010000
001011000
000010011
000110100
011010000
000010110
new rule:
101010000
001010001
000010101
100010100
101010000
000010101
new rule:
111010000
001011001
000010111
100110100
111010000
000010111
new rule:
010110000
010011000
000011010
000110010
010011000
000110010
new rule:
110110000
011011000
000011011
000110110
011011000
000110110
new rule:
001110000
010010001
000011100
100010010
100011000
000110001
new rule:
101110000
011010001
000011101
100010110
101011000
000110101
new rule:
011110000
010011001
000011110
100110010
110011000
000110011
new rule:
111110000
011011001
000011111
100110110
111011000
000110111
new rule:
000101000
010000010
000101000
010000010
000101000
000101000
new rule:
100101000
011000010
000101001
010000110
001101000
000101100
new rule:
010101000
010001010
000101010
010100010
010101000
000101010
new rule:
110101000
011001010
000101011
010100110
011101000
000101110
new rule:
101101000
011000011
000101101
110000110
101101000
000101101
new rule:
111101000
011001011
000101111
110100110
111101000
000101111
new rule:
000111000
010010010
000111000
010010010
000111000
000111000
new rule:
100111000
011010010
000111001
010010110
001111000
000111100
new rule:
010111000
010011010
000111010
010110010
010111000
000111010
new rule:
110111000
011011010
000111011
010110110
011111000
000111110
new rule:
101111000
011010011
000111101
110010110
101111000
000111101
new rule:
111111000
011011011
000111111
110110110
111111000
000111111
new rule:
001000100
100000001
001000100
100000001
100000001
100000001
new rule:
101000100
101000001
001000101
100000101
101000001
100000101
new rule:
011000100
100001001
001000110
100100001
110000001
100000011
new rule:
111000100
101001001
001000111
100100101
111000001
100000111
new rule:
011100100
110001001
001001110
100100011
110001001
100100011
new rule:
111100100
111001001
001001111
100100111
111001001
100100111
new rule:
001010100
100010001
001010100
100010001
100010001
100010001
new rule:
101010100
101010001
001010101
100010101
101010001
100010101
new rule:
011010100
100011001
001010110
100110001
110010001
100010011
new rule:
111010100
101011001
001010111
100110101
111010001
100010111
new rule:
011110100
110011001
001011110
100110011
110011001
100110011
new rule:
111110100
111011001
001011111
100110111
111011001
100110111
new rule:
100001100
101000010
001100001
010000101
001100001
100001100
new rule:
010001100
100001010
001100010
010100001
010100001
100001010
new rule:
110001100
101001010
001100011
010100101
011100001
100001110
new rule:
101001100
101000011
001100101
110000101
101100001
100001101
new rule:
011001100
100001011
001100110
110100001
110100001
100001011
new rule:
111001100
101001011
001100111
110100101
111100001
100001111
new rule:
100101100
111000010
001101001
010000111
001101001
100101100
new rule:
010101100
110001010
001101010
010100011
010101001
100101010
new rule:
110101100
111001010
001101011
010100111
011101001
100101110
new rule:
001101100
110000011
001101100
110000011
100101001
100101001
new rule:
101101100
111000011
001101101
110000111
101101001
100101101
new rule:
011101100
110001011
001101110
110100011
110101001
100101011
new rule:
111101100
111001011
001101111
110100111
111101001
100101111
new rule:
100011100
101010010
001110001
010010101
001110001
100011100
new rule:
010011100
100011010
001110010
010110001
010110001
100011010
new rule:
110011100
101011010
001110011
010110101
011110001
100011110
new rule:
101011100
101010011
001110101
110010101
101110001
100011101
new rule:
011011100
100011011
001110110
110110001
110110001
100011011
new rule:
111011100
101011011
001110111
110110101
111110001
100011111
new rule:
100111100
111010010
001111001
010010111
001111001
100111100
new rule:
010111100
110011010
001111010
010110011
010111001
100111010
new rule:
110111100
111011010
001111011
010110111
011111001
100111110
new rule:
001111100
110010011
001111100
110010011
100111001
100111001
new rule:
101111100
111010011
001111101
110010111
101111001
100111101
new rule:
011111100
110011011
001111110
110110011
110111001
100111011
new rule:
111111100
111011011
001111111
110110111
111111001
100111111
new rule:
010101010
010101010
010101010
010101010
010101010
010101010
new rule:
110101010
011101010
010101011
010101110
011101010
010101110
new rule:
101101010
011100011
010101101
110001110
101101010
010101101
new rule:
111101010
011101011
010101111
110101110
111101010
010101111
new rule:
010111010
010111010
010111010
010111010
010111010
010111010
new rule:
110111010
011111010
010111011
010111110
011111010
010111110
new rule:
101111010
011110011
010111101
110011110
101111010
010111101
new rule:
111111010
011111011
010111111
110111110
111111010
010111111
new rule:
101001110
101100011
011100101
110001101
101100011
110001101
new rule:
111001110
101101011
011100111
110101101
111100011
110001111
new rule:
011101110
110101011
011101110
110101011
110101011
110101011
new rule:
111101110
111101011
011101111
110101111
111101011
110101111
new rule:
101011110
101110011
011110101
110011101
101110011
110011101
new rule:
111011110
101111011
011110111
110111101
111110011
110011111
new rule:
011111110
110111011
011111110
110111011
110111011
110111011
new rule:
111111110
111111011
011111111
110111111
111111011
110111111
new rule:
101000101
101000101
101000101
101000101
101000101
101000101
new rule:
111000101
101001101
101000111
101100101
111000101
101000111
new rule:
111100101
111001101
101001111
101100111
111001101
101100111
new rule:
101010101
101010101
101010101
101010101
101010101
101010101
new rule:
111010101
101011101
101010111
101110101
111010101
101010111
new rule:
111110101
111011101
101011111
101110111
111011101
101110111
new rule:
101101101
111000111
101101101
111000111
101101101
101101101
new rule:
111101101
111001111
101101111
111100111
111101101
101101111
new rule:
101111101
111010111
101111101
111010111
101111101
101111101
new rule:
111111101
111011111
101111111
111110111
111111101
101111111
new rule:
111101111
111101111
111101111
111101111
111101111
111101111
new rule:
111111111
111111111
111111111
111111111
111111111
111111111
n: 648
010001111
